182
178
8
150
333
104
161
278
141
31
22
190
174
6
268
18
206
183
99
211
86
317
279
98
94
71
247
56
105
193
254
197
61
184
243
17
127
239
25
288
253
284
41
323
167
38
331
341
220
137
113
33
10
181
158
21
97
152
42
124
115
29
321
90
73
334
109
81
276
227
114
130
171
58
339
163
76
191
347
74
217
160
258
345
192
69
188
246
15
155
107
226
85
308
23
140
327
265
213
120
312
101
36
176
250
223
7
70
245
267
146
65
244
126
177
306
144
235
232
196
214
219
215
293
281
286
212
319
50
11
116
289
119
325
285
228
135
336
204
343
13
194
1
147
201
54
207
292
337
282
332
324
273
35
57
30
185
142
229
205
123
46
233
16
313
14
170
153
44
316
24
175
261
100
199
200
134
259
118
340
328
283
294
3
136
315
173
221
242
47
234
19
335
2
277
238
280
43
4
342
93
91
92
302
287
83
311
122
248
67
169
295
51
156
95
222
274
60
224
125
154
330
145
210
45
133
108
179
187
139
269
255
88
198
297
322
266
256
96
12
148
209
159
111
63
270
272
34
338
27
77
180
271
216
0
157
28
291
48
237
303
172
309
131
320
59
20
121
240
106
290
314
5
84
218
82
32
225
39
68
110
195
231
53
310
202
164
89
80
132
299
151
252
230
102
165
75
37
249
186
128
9
203
257
26
298
117
208
344
275
263
52
329
66
326
138
40
307
260
112
262
143
189
72
55
103
168
62
129
79
300
346
78
305
264
251
64
241
166
236
296
301
318
304
149
49
87
162
