40
283
98
167
318
176
179
232
342
196
314
90
22
82
206
218
155
192
38
103
70
118
331
86
91
222
46
241
245
105
48
234
309
59
19
101
336
134
186
270
255
238
297
175
63
168
151
333
204
343
250
41
111
327
284
260
254
239
112
174
116
319
34
335
277
121
122
143
14
265
329
320
66
81
65
106
280
154
230
84
73
185
215
36
193
53
188
15
317
216
12
287
261
279
199
322
223
187
150
252
226
58
263
271
294
37
158
145
214
9
93
334
296
163
157
6
74
308
64
290
235
292
164
166
332
107
340
92
124
256
152
8
221
315
208
97
138
249
0
109
203
123
47
242
75
136
68
89
80
286
217
126
313
54
21
182
77
44
61
131
127
220
102
94
87
71
323
100
191
85
171
32
156
45
330
310
133
258
172
345
268
147
219
28
95
52
184
304
83
23
76
276
88
125
99
225
289
18
211
183
244
321
132
202
120
213
205
229
307
169
24
137
135
200
285
148
110
281
201
11
212
337
17
257
26
273
108
20
130
114
311
247
338
128
62
195
144
117
173
288
197
25
298
306
153
177
344
209
240
57
190
299
224
282
141
30
161
69
259
246
1
262
181
159
67
113
180
316
115
227
346
5
324
236
293
339
29
10
326
72
162
228
129
139
328
49
178
295
42
3
266
96
56
119
269
104
272
198
291
237
275
33
146
264
160
4
278
60
267
16
274
35
51
303
194
165
302
189
300
312
248
341
149
253
27
50
210
170
301
233
142
43
31
251
207
140
13
347
7
39
79
305
243
78
325
231
2
55
