119
225
240
291
238
180
75
136
275
97
67
96
172
50
339
208
253
77
71
294
72
49
135
194
162
169
197
181
266
115
200
55
64
95
35
54
186
0
38
269
86
168
340
125
131
205
221
242
295
124
105
195
347
300
158
165
287
134
184
220
247
312
233
142
126
73
334
232
78
281
202
93
267
342
26
213
210
143
154
133
31
90
43
4
203
273
321
324
9
211
246
118
343
204
32
99
299
176
101
199
254
89
288
27
130
28
325
320
171
314
236
18
198
333
53
30
106
107
34
84
132
224
332
319
201
45
66
57
146
127
286
235
301
108
83
91
140
305
17
14
170
222
117
29
41
178
52
1
51
270
192
139
150
261
98
297
309
59
111
268
148
167
322
313
274
296
282
190
185
65
80
330
164
262
228
12
137
271
326
61
315
21
256
37
8
138
94
100
336
152
303
6
112
215
141
244
82
279
341
87
318
7
69
121
189
24
302
283
92
285
248
308
114
2
304
328
258
329
123
46
298
160
157
20
293
11
163
19
311
48
13
39
175
103
193
277
79
338
219
226
110
174
122
216
344
316
102
151
155
16
214
229
159
182
149
42
76
147
188
187
259
331
161
23
230
62
231
191
166
251
252
179
223
70
74
116
289
234
249
3
40
209
113
260
290
109
212
183
196
5
144
265
177
306
153
257
56
237
241
243
206
22
280
145
284
245
335
129
250
317
15
63
36
345
323
85
276
88
272
104
68
156
25
307
173
310
120
278
346
227
58
263
33
217
337
218
264
128
81
60
292
207
10
44
47
239
327
255
