195
250
176
183
57
230
99
187
118
322
231
147
156
289
32
270
53
287
67
138
33
113
295
136
44
227
200
101
248
347
87
135
134
128
320
234
91
229
27
253
47
173
237
129
0
97
294
275
191
52
251
321
190
235
144
210
232
164
217
108
233
257
196
161
299
258
122
1
54
301
132
324
141
17
110
152
3
165
249
339
89
298
145
335
291
15
198
225
39
92
228
162
247
86
88
204
261
167
105
186
103
272
38
328
72
8
266
40
83
121
81
6
180
75
308
160
332
80
189
149
216
71
242
29
260
25
208
169
179
223
333
139
63
269
246
116
267
315
288
307
123
221
10
85
309
201
239
342
278
280
185
286
172
7
125
168
151
104
106
73
240
107
296
114
338
215
219
346
319
274
177
20
74
13
277
271
137
42
24
49
181
197
158
26
306
203
65
337
224
93
222
45
265
96
279
51
192
98
283
77
143
285
331
59
323
245
193
175
36
82
206
155
259
188
199
102
100
94
336
157
159
316
326
41
276
212
18
153
310
109
305
112
329
327
241
292
146
22
60
281
311
194
182
124
21
174
244
9
236
293
46
148
325
211
31
264
166
78
238
76
131
66
23
220
12
2
207
30
300
184
154
120
314
34
119
252
70
56
317
313
202
170
209
37
302
178
341
61
11
256
48
268
50
334
290
133
303
318
255
340
28
262
140
117
218
282
126
330
14
127
35
5
284
58
171
163
95
214
55
69
343
150
304
62
4
84
90
43
64
79
312
19
130
226
142
16
273
213
243
254
205
263
344
115
111
297
345
68
