91
83
101
13
62
110
2
262
80
264
31
72
143
215
174
194
137
140
147
191
199
68
340
32
106
86
141
244
310
5
126
93
16
35
127
18
255
155
60
312
305
120
30
324
236
73
291
188
259
192
198
225
69
304
28
179
183
82
22
47
123
124
37
182
129
130
119
116
79
211
299
185
337
161
146
292
274
122
323
193
38
331
107
206
57
64
313
160
257
84
251
132
43
321
95
226
249
25
243
260
112
239
208
29
278
245
70
175
15
272
218
4
65
108
157
75
169
49
138
266
0
149
81
102
92
162
8
96
134
318
336
152
235
282
252
1
234
85
201
306
330
293
186
277
216
303
227
36
317
76
222
173
27
46
265
21
344
307
254
335
125
39
285
261
78
58
327
45
164
289
276
296
177
14
314
90
240
190
17
217
50
329
219
328
270
286
267
109
131
248
200
204
187
53
319
172
11
338
54
229
263
10
207
171
52
24
67
97
165
55
253
44
111
247
7
232
26
196
213
117
316
158
61
326
135
159
42
238
23
250
333
150
139
151
233
214
241
339
284
145
180
33
113
209
342
203
136
242
295
40
275
221
205
89
258
210
104
246
167
228
320
231
237
56
181
256
302
71
114
48
59
178
77
115
271
268
105
341
220
309
34
51
6
346
133
170
20
223
297
168
63
121
74
347
99
128
281
88
230
212
66
184
94
98
322
148
3
288
153
202
273
301
142
300
166
224
334
345
308
87
287
283
156
19
195
103
100
294
12
279
189
269
176
154
298
290
325
41
163
118
343
311
144
9
280
332
315
197
